[[[2199 3111]]][[[2200 3104]]

 [[2200 3109]]][[[ 892 2896]]

 [[1445 2897]]][[[1413 2849]]

 [[1412 2885]]

 [[1416 2885]]

 [[1417 2859]]

 [[1434 2884]]

 [[1440 2885]]

 [[1440 2850]]

 [[1435 2851]]

 [[1435 2876]]

 [[1418 2850]]][[[1389 2849]]

 [[1375 2885]]

 [[1380 2884]]

 [[1385 2874]]

 [[1397 2874]]

 [[1402 2884]]

 [[1407 2885]]

 [[1394 2850]]][[[1351 2849]]

 [[1349 2884]]

 [[1372 2885]]

 [[1371 2881]]

 [[1354 2880]]][[[1340 2851]]

 [[1316 2851]]

 [[1317 2885]]

 [[1321 2885]]

 [[1324 2870]]

 [[1342 2867]]][[[1267 2849]]

 [[1265 2884]]

 [[1270 2885]]

 [[1270 2871]]

 [[1278 2869]]

 [[1291 2885]]

 [[1296 2885]]

 [[1286 2870]]

 [[1294 2863]]

 [[1292 2852]]][[[1160 2849]]

 [[1158 2884]]

 [[1180 2885]]

 [[1179 2881]]

 [[1163 2880]]][[[1151 2849]]

 [[1127 2851]]

 [[1128 2885]]

 [[1132 2885]]

 [[1134 2869]]

 [[1149 2869]]

 [[1148 2864]]

 [[1133 2864]]

 [[1132 2855]]

 [[1152 2853]]][[[1078 2849]]

 [[1076 2884]]

 [[1101 2883]]

 [[1106 2874]]

 [[1103 2854]]

 [[1094 2849]]][[[1041 2849]]

 [[1062 2876]]

 [[1041 2849]]

 [[1039 2884]]

 [[1044 2885]]

 [[1045 2859]]

 [[1062 2884]]

 [[1068 2885]]

 [[1067 2849]]

 [[1063 2851]]

 [[1063 2873]]

 [[1063 2851]]

 [[1068 2850]]

 [[1068 2884]]

 [[1061 2882]]

 [[1046 2859]]

 [[1044 2884]]

 [[1039 2884]]][[[ 932 2849]]

 [[ 930 2884]]

 [[ 957 2885]]

 [[ 956 2881]]

 [[ 935 2880]]

 [[ 937 2869]]

 [[ 955 2869]]

 [[ 953 2864]]

 [[ 936 2864]]

 [[ 935 2855]]

 [[ 956 2850]]][[[1240 2848]]

 [[1228 2855]]

 [[1224 2870]]

 [[1231 2883]]

 [[1245 2886]]

 [[1256 2880]]

 [[1259 2863]]

 [[1253 2852]]][[[1201 2848]]

 [[1189 2854]]

 [[1185 2872]]

 [[1190 2882]]

 [[1206 2886]]

 [[1217 2879]]

 [[1219 2861]]

 [[1215 2853]]][[[1014 2848]]

 [[1002 2856]]

 [[ 999 2872]]

 [[1007 2884]]

 [[1021 2886]]

 [[1032 2877]]

 [[1033 2861]]

 [[1029 2853]]][[[ 978 2848]]

 [[ 966 2855]]

 [[ 962 2870]]

 [[ 968 2883]]

 [[ 984 2886]]

 [[ 992 2881]]

 [[ 993 2873]]

 [[ 977 2882]]

 [[ 967 2870]]

 [[ 969 2859]]

 [[ 976 2853]]

 [[ 993 2859]]

 [[ 989 2851]]][[[ 908 2848]]

 [[ 898 2853]]

 [[ 896 2861]]

 [[ 916 2871]]

 [[ 918 2879]]

 [[ 904 2881]]

 [[ 898 2873]]

 [[ 895 2878]]

 [[ 902 2885]]

 [[ 914 2886]]

 [[ 923 2880]]

 [[ 923 2871]]

 [[ 904 2863]]

 [[ 901 2857]]

 [[ 905 2853]]

 [[ 913 2853]]

 [[ 918 2859]]

 [[ 922 2856]]][[[ 623  648]]

 [[ 622 2422]]

 [[ 960 2423]]

 [[ 962 2580]]

 [[1500 2580]]

 [[1502 2532]]

 [[1715 2532]]

 [[1715  648]]][[[143 206]]][[[2200  205]]][[[2197  202]]

 [[2198 3108]]

 [[ 144 3109]]

 [[2198 3108]]][[[144 202]]][[[2198  199]]

 [[ 140  201]]

 [[ 141 3111]]

 [[ 140  201]]]